0.000000 0.107260
0.007874 0.034228
0.015748 0.000053
0.023622 0.000046
0.031496 0.000198
0.039370 0.000172
0.047244 0.000027
0.055118 0.000045
0.062992 0.001002
0.070866 0.000834
0.078740 0.000025
0.086614 0.000024
0.094488 0.000126
0.102362 0.000190
0.110236 0.000037
0.118110 0.000068
0.125984 0.006743
0.133858 0.007254
0.141732 0.000053
0.149606 0.000047
0.157480 0.000211
0.165354 0.000201
0.173228 0.000033
0.181102 0.000055
0.188976 0.001410
0.196850 0.002004
0.204724 0.000070
0.212598 0.000070
0.220472 0.000374
0.228346 0.000634
0.236220 0.000128
0.244094 0.000247
0.251969 0.151099
0.259843 0.037261
0.267717 0.000030
0.275591 0.000026
0.283465 0.000111
0.291339 0.000095
0.299213 0.000015
0.307087 0.000025
0.314961 0.000545
0.322835 0.000431
0.330709 0.000013
0.338583 0.000012
0.346457 0.000064
0.354331 0.000095
0.362205 0.000018
0.370079 0.000034
0.377953 0.003161
0.385827 0.002611
0.393701 0.000018
0.401575 0.000016
0.409449 0.000070
0.417323 0.000067
0.425197 0.000011
0.433071 0.000018
0.440945 0.000459
0.448819 0.000620
0.456693 0.000021
0.464567 0.000021
0.472441 0.000113
0.480315 0.000189
0.488189 0.000038
0.496063 0.000073
0.503937 0.033089
0.511811 0.101652
0.519685 0.000094
0.527559 0.000082
0.535433 0.000352
0.543307 0.000300
0.551181 0.000047
0.559055 0.000077
0.566929 0.001701
0.574803 0.001313
0.582677 0.000038
0.590551 0.000037
0.598425 0.000193
0.606299 0.000287
0.614173 0.000055
0.622047 0.000102
0.629921 0.009168
0.637795 0.006472
0.645669 0.000042
0.653543 0.000037
0.661417 0.000166
0.669291 0.000156
0.677165 0.000026
0.685039 0.000042
0.692913 0.001064
0.700787 0.001385
0.708661 0.000047
0.716535 0.000047
0.724409 0.000249
0.732283 0.000413
0.740157 0.000083
0.748031 0.000158
0.755906 0.051400
0.763780 0.069541
0.771654 0.000111
0.779528 0.000096
0.787402 0.000417
0.795276 0.000360
0.803150 0.000057
0.811024 0.000093
0.818898 0.002081
0.826772 0.001694
0.834646 0.000050
0.842520 0.000049
0.850394 0.000254
0.858268 0.000381
0.866142 0.000073
0.874016 0.000136
0.881890 0.012992
0.889764 0.011442
0.897638 0.000078
0.905512 0.000069
0.913386 0.000309
0.921260 0.000293
0.929134 0.000048
0.937008 0.000080
0.944882 0.002018
0.952756 0.002707
0.960630 0.000093
0.968504 0.000092
0.976378 0.000492
0.984252 0.000822
0.992126 0.000165
1.000000 0.000316
