0.000000 0.261317
0.003922 0.071278
0.007843 0.000025
0.011765 0.000022
0.015686 0.000093
0.019608 0.000079
0.023529 0.000013
0.027451 0.000020
0.031373 0.000449
0.035294 0.000345
0.039216 0.000010
0.043137 0.000010
0.047059 0.000051
0.050980 0.000075
0.054902 0.000014
0.058824 0.000027
0.062745 0.002398
0.066667 0.001723
0.070588 0.000011
0.074510 0.000010
0.078431 0.000045
0.082353 0.000042
0.086275 0.000007
0.090196 0.000011
0.094118 0.000288
0.098039 0.000379
0.101961 0.000013
0.105882 0.000013
0.109804 0.000068
0.113725 0.000114
0.117647 0.000023
0.121569 0.000044
0.125490 0.016371
0.129412 0.015079
0.133333 0.000025
0.137255 0.000022
0.141176 0.000094
0.145098 0.000081
0.149020 0.000013
0.152941 0.000021
0.156863 0.000477
0.160784 0.000404
0.164706 0.000012
0.168627 0.000012
0.172549 0.000061
0.176471 0.000093
0.180392 0.000018
0.184314 0.000033
0.188235 0.003381
0.192157 0.004132
0.196078 0.000031
0.200000 0.000028
0.203922 0.000125
0.207843 0.000121
0.211765 0.000020
0.215686 0.000033
0.219608 0.000854
0.223529 0.001262
0.227451 0.000044
0.231373 0.000045
0.235294 0.000239
0.239216 0.000411
0.243137 0.000083
0.247059 0.000161
0.250980 0.368331
0.254902 0.077610
0.258824 0.000014
0.262745 0.000012
0.266667 0.000053
0.270588 0.000045
0.274510 0.000007
0.278431 0.000011
0.282353 0.000252
0.286275 0.000191
0.290196 0.000006
0.294118 0.000005
0.298039 0.000028
0.301961 0.000041
0.305882 0.000008
0.309804 0.000015
0.313725 0.001303
0.317647 0.000890
0.321569 0.000006
0.325490 0.000005
0.329412 0.000023
0.333333 0.000021
0.337255 0.000003
0.341176 0.000006
0.345098 0.000146
0.349020 0.000190
0.352941 0.000006
0.356863 0.000006
0.360784 0.000034
0.364706 0.000057
0.368627 0.000011
0.372549 0.000022
0.376471 0.007672
0.380392 0.005428
0.384314 0.000008
0.388235 0.000007
0.392157 0.000031
0.396078 0.000027
0.400000 0.000004
0.403922 0.000007
0.407843 0.000159
0.411765 0.000134
0.415686 0.000004
0.419608 0.000004
0.423529 0.000020
0.427451 0.000031
0.431373 0.000006
0.435294 0.000011
0.439216 0.001101
0.443137 0.001278
0.447059 0.000010
0.450980 0.000008
0.454902 0.000038
0.458824 0.000037
0.462745 0.000006
0.466667 0.000010
0.470588 0.000259
0.474510 0.000377
0.478431 0.000013
0.482353 0.000013
0.486275 0.000071
0.490196 0.000122
0.494118 0.000025
0.498039 0.000048
0.501961 0.080623
0.505882 0.211757
0.509804 0.000045
0.513725 0.000039
0.517647 0.000167
0.521569 0.000142
0.525490 0.000022
0.529412 0.000036
0.533333 0.000797
0.537255 0.000602
0.541176 0.000017
0.545098 0.000017
0.549020 0.000088
0.552941 0.000130
0.556863 0.000025
0.560784 0.000046
0.564706 0.004068
0.568627 0.002712
0.572549 0.000017
0.576471 0.000015
0.580392 0.000069
0.584314 0.000065
0.588235 0.000011
0.592157 0.000018
0.596078 0.000441
0.600000 0.000572
0.603922 0.000019
0.607843 0.000019
0.611765 0.000103
0.615686 0.000170
0.619608 0.000034
0.623529 0.000065
0.627451 0.022249
0.631373 0.013457
0.635294 0.000020
0.639216 0.000017
0.643137 0.000074
0.647059 0.000064
0.650980 0.000010
0.654902 0.000017
0.658824 0.000376
0.662745 0.000313
0.666667 0.000009
0.670588 0.000009
0.674510 0.000047
0.678431 0.000071
0.682353 0.000014
0.686275 0.000026
0.690196 0.002551
0.694118 0.002857
0.698039 0.000021
0.701961 0.000019
0.705882 0.000084
0.709804 0.000081
0.713725 0.000013
0.717647 0.000022
0.721569 0.000569
0.725490 0.000822
0.729412 0.000029
0.733333 0.000029
0.737255 0.000154
0.741176 0.000263
0.745098 0.000053
0.749020 0.000103
0.752941 0.125197
0.756863 0.144830
0.760784 0.000053
0.764706 0.000046
0.768627 0.000197
0.772549 0.000167
0.776471 0.000026
0.780392 0.000043
0.784314 0.000944
0.788235 0.000721
0.792157 0.000021
0.796078 0.000021
0.800000 0.000106
0.803922 0.000157
0.807843 0.000030
0.811765 0.000056
0.815686 0.004979
0.819608 0.003499
0.823529 0.000023
0.827451 0.000020
0.831373 0.000090
0.835294 0.000085
0.839216 0.000014
0.843137 0.000023
0.847059 0.000580
0.850980 0.000759
0.854902 0.000026
0.858824 0.000026
0.862745 0.000137
0.866667 0.000227
0.870588 0.000045
0.874510 0.000087
0.878431 0.031537
0.882353 0.023789
0.886275 0.000037
0.890196 0.000032
0.894118 0.000138
0.898039 0.000120
0.901961 0.000019
0.905882 0.000031
0.909804 0.000701
0.913725 0.000588
0.917647 0.000018
0.921569 0.000017
0.925490 0.000089
0.929412 0.000134
0.933333 0.000026
0.937255 0.000048
0.941176 0.004838
0.945098 0.005584
0.949020 0.000041
0.952941 0.000037
0.956863 0.000166
0.960784 0.000160
0.964706 0.000026
0.968627 0.000044
0.972549 0.001126
0.976471 0.001637
0.980392 0.000057
0.984314 0.000058
0.988235 0.000309
0.992157 0.000527
0.996078 0.000107
1.000000 0.000206
