0.000000 0.018391
0.032258 0.007967
0.064516 0.000246
0.096774 0.000241
0.129032 0.001233
0.161290 0.001762
0.193548 0.000330
0.225806 0.000602
0.258065 0.025648
0.290323 0.008630
0.322581 0.000135
0.354839 0.000124
0.387097 0.000581
0.419355 0.000632
0.451613 0.000108
0.483871 0.000185
0.516129 0.005663
0.548387 0.023467
0.580645 0.000422
0.612903 0.000377
0.645161 0.001690
0.677419 0.001563
0.709677 0.000251
0.741935 0.000413
0.774194 0.008850
0.806452 0.016145
0.838710 0.000513
0.870968 0.000488
0.903226 0.002381
0.935484 0.002769
0.967742 0.000475
1.000000 0.000809
