0.000000 0.044161
0.015873 0.016461
0.031746 0.000111
0.047619 0.000099
0.063492 0.000442
0.079365 0.000416
0.095238 0.000068
0.111111 0.000113
0.126984 0.002813
0.142857 0.003516
0.158730 0.000117
0.174603 0.000117
0.190476 0.000617
0.206349 0.001006
0.222222 0.000200
0.238095 0.000380
0.253968 0.062079
0.269841 0.017903
0.285714 0.000063
0.301587 0.000055
0.317460 0.000241
0.333333 0.000215
0.349206 0.000034
0.365079 0.000057
0.380952 0.001320
0.396825 0.001265
0.412698 0.000039
0.428571 0.000039
0.444444 0.000201
0.460317 0.000311
0.476190 0.000060
0.492063 0.000114
0.507937 0.013618
0.523810 0.048811
0.539683 0.000198
0.555556 0.000173
0.571429 0.000751
0.587302 0.000655
0.603175 0.000104
0.619048 0.000170
0.634921 0.003831
0.650794 0.003133
0.666667 0.000092
0.682540 0.000090
0.698413 0.000466
0.714286 0.000695
0.730159 0.000133
0.746032 0.000247
0.761905 0.021181
0.777778 0.033427
0.793651 0.000234
0.809524 0.000207
0.825397 0.000919
0.841270 0.000845
0.857143 0.000137
0.873016 0.000226
0.888889 0.005423
0.904762 0.005542
0.920635 0.000172
0.936508 0.000170
0.952381 0.000883
0.968254 0.001358
0.984127 0.000263
1.000000 0.000493
