0.000000 0.637166
0.001957 0.148481
0.003914 0.000012
0.005871 0.000010
0.007828 0.000044
0.009785 0.000038
0.011742 0.000006
0.013699 0.000010
0.015656 0.000211
0.017613 0.000159
0.019569 0.000005
0.021526 0.000005
0.023483 0.000023
0.025440 0.000034
0.027397 0.000007
0.029354 0.000012
0.031311 0.001074
0.033268 0.000712
0.035225 0.000005
0.037182 0.000004
0.039139 0.000018
0.041096 0.000017
0.043053 0.000003
0.045010 0.000005
0.046967 0.000116
0.048924 0.000150
0.050881 0.000005
0.052838 0.000005
0.054795 0.000027
0.056751 0.000045
0.058708 0.000009
0.060665 0.000017
0.062622 0.005819
0.064579 0.003582
0.066536 0.000005
0.068493 0.000005
0.070450 0.000020
0.072407 0.000017
0.074364 0.000003
0.076321 0.000005
0.078278 0.000101
0.080235 0.000084
0.082192 0.000003
0.084149 0.000002
0.086106 0.000013
0.088063 0.000019
0.090020 0.000004
0.091977 0.000007
0.093933 0.000690
0.095890 0.000781
0.097847 0.000006
0.099804 0.000005
0.101761 0.000023
0.103718 0.000022
0.105675 0.000004
0.107632 0.000006
0.109589 0.000156
0.111546 0.000227
0.113503 0.000008
0.115460 0.000008
0.117417 0.000043
0.119374 0.000073
0.121331 0.000015
0.123288 0.000028
0.125245 0.039880
0.127202 0.031400
0.129159 0.000012
0.131115 0.000010
0.133072 0.000044
0.135029 0.000037
0.136986 0.000006
0.138943 0.000010
0.140900 0.000212
0.142857 0.000163
0.144814 0.000005
0.146771 0.000005
0.148728 0.000024
0.150685 0.000036
0.152642 0.000007
0.154599 0.000013
0.156556 0.001142
0.158513 0.000834
0.160470 0.000005
0.162427 0.000005
0.164384 0.000022
0.166341 0.000020
0.168297 0.000003
0.170254 0.000006
0.172211 0.000140
0.174168 0.000185
0.176125 0.000006
0.178082 0.000006
0.180039 0.000033
0.181996 0.000056
0.183953 0.000011
0.185910 0.000021
0.187867 0.008209
0.189824 0.008589
0.191781 0.000015
0.193738 0.000013
0.195695 0.000056
0.197652 0.000048
0.199609 0.000008
0.201566 0.000013
0.203523 0.000284
0.205479 0.000242
0.207436 0.000007
0.209393 0.000007
0.211350 0.000037
0.213307 0.000056
0.215264 0.000011
0.217221 0.000020
0.219178 0.002049
0.221135 0.002603
0.223092 0.000020
0.225049 0.000018
0.227006 0.000080
0.228963 0.000077
0.230920 0.000013
0.232877 0.000021
0.234834 0.000548
0.236791 0.000817
0.238748 0.000029
0.240705 0.000029
0.242661 0.000156
0.244618 0.000268
0.246575 0.000054
0.248532 0.000105
0.250489 0.898234
0.252446 0.161679
0.254403 0.000007
0.256360 0.000006
0.258317 0.000025
0.260274 0.000021
0.262231 0.000003
0.264188 0.000005
0.266145 0.000119
0.268102 0.000090
0.270059 0.000003
0.272016 0.000003
0.273973 0.000013
0.275930 0.000019
0.277886 0.000004
0.279843 0.000007
0.281800 0.000602
0.283757 0.000395
0.285714 0.000003
0.287671 0.000002
0.289628 0.000010
0.291585 0.000009
0.293542 0.000002
0.295499 0.000003
0.297456 0.000064
0.299413 0.000083
0.301370 0.000003
0.303327 0.000003
0.305284 0.000015
0.307241 0.000025
0.309198 0.000005
0.311155 0.000009
0.313112 0.003162
0.315068 0.001850
0.317025 0.000003
0.318982 0.000002
0.320939 0.000010
0.322896 0.000009
0.324853 0.000001
0.326810 0.000002
0.328767 0.000051
0.330724 0.000043
0.332681 0.000001
0.334638 0.000001
0.336595 0.000006
0.338552 0.000010
0.340509 0.000002
0.342466 0.000004
0.344423 0.000350
0.346380 0.000392
0.348337 0.000003
0.350294 0.000003
0.352250 0.000012
0.354207 0.000011
0.356164 0.000002
0.358121 0.000003
0.360078 0.000078
0.362035 0.000113
0.363992 0.000004
0.365949 0.000004
0.367906 0.000021
0.369863 0.000036
0.371820 0.000007
0.373777 0.000014
0.375734 0.018688
0.377691 0.011303
0.379648 0.000004
0.381605 0.000003
0.383562 0.000015
0.385519 0.000013
0.387476 0.000002
0.389432 0.000003
0.391389 0.000071
0.393346 0.000055
0.395303 0.000002
0.397260 0.000002
0.399217 0.000008
0.401174 0.000012
0.403131 0.000002
0.405088 0.000004
0.407045 0.000381
0.409002 0.000276
0.410959 0.000002
0.412916 0.000002
0.414873 0.000007
0.416830 0.000007
0.418787 0.000001
0.420744 0.000002
0.422701 0.000046
0.424658 0.000061
0.426614 0.000002
0.428571 0.000002
0.430528 0.000011
0.432485 0.000018
0.434442 0.000004
0.436399 0.000007
0.438356 0.002673
0.440313 0.002657
0.442270 0.000004
0.444227 0.000004
0.446184 0.000017
0.448141 0.000015
0.450098 0.000002
0.452055 0.000004
0.454012 0.000087
0.455969 0.000073
0.457926 0.000002
0.459883 0.000002
0.461840 0.000011
0.463796 0.000017
0.465753 0.000003
0.467710 0.000006
0.469667 0.000620
0.471624 0.000778
0.473581 0.000006
0.475538 0.000005
0.477495 0.000024
0.479452 0.000023
0.481409 0.000004
0.483366 0.000006
0.485323 0.000163
0.487280 0.000242
0.489237 0.000009
0.491194 0.000009
0.493151 0.000046
0.495108 0.000079
0.497065 0.000016
0.499022 0.000031
0.500978 0.196588
0.502935 0.441151
0.504892 0.000021
0.506849 0.000019
0.508806 0.000080
0.510763 0.000068
0.512720 0.000011
0.514677 0.000017
0.516634 0.000379
0.518591 0.000285
0.520548 0.000008
0.522505 0.000008
0.524462 0.000041
0.526419 0.000061
0.528376 0.000012
0.530333 0.000022
0.532290 0.001906
0.534247 0.001243
0.536204 0.000008
0.538160 0.000007
0.540117 0.000031
0.542074 0.000030
0.544031 0.000005
0.545988 0.000008
0.547945 0.000201
0.549902 0.000259
0.551859 0.000009
0.553816 0.000009
0.555773 0.000047
0.557730 0.000077
0.559687 0.000015
0.561644 0.000029
0.563601 0.009871
0.565558 0.005640
0.567515 0.000008
0.569472 0.000007
0.571429 0.000031
0.573386 0.000027
0.575342 0.000004
0.577299 0.000007
0.579256 0.000156
0.581213 0.000130
0.583170 0.000004
0.585127 0.000004
0.587084 0.000020
0.589041 0.000030
0.590998 0.000006
0.592955 0.000011
0.594912 0.001057
0.596869 0.001180
0.598826 0.000009
0.600783 0.000008
0.602740 0.000035
0.604697 0.000033
0.606654 0.000005
0.608611 0.000009
0.610568 0.000235
0.612524 0.000339
0.614481 0.000012
0.616438 0.000012
0.618395 0.000064
0.620352 0.000109
0.622309 0.000022
0.624266 0.000042
0.626223 0.054192
0.628180 0.028022
0.630137 0.000009
0.632094 0.000008
0.634051 0.000035
0.636008 0.000030
0.637965 0.000005
0.639922 0.000008
0.641879 0.000168
0.643836 0.000129
0.645793 0.000004
0.647750 0.000004
0.649706 0.000019
0.651663 0.000028
0.653620 0.000005
0.655577 0.000010
0.657534 0.000899
0.659491 0.000647
0.661448 0.000004
0.663405 0.000004
0.665362 0.000017
0.667319 0.000016
0.669276 0.000003
0.671233 0.000004
0.673190 0.000108
0.675147 0.000142
0.677104 0.000005
0.679061 0.000005
0.681018 0.000026
0.682975 0.000043
0.684932 0.000009
0.686888 0.000016
0.688845 0.006194
0.690802 0.005939
0.692759 0.000010
0.694716 0.000009
0.696673 0.000037
0.698630 0.000033
0.700587 0.000005
0.702544 0.000008
0.704501 0.000191
0.706458 0.000162
0.708415 0.000005
0.710372 0.000005
0.712329 0.000025
0.714286 0.000037
0.716243 0.000007
0.718200 0.000013
0.720157 0.001364
0.722114 0.001696
0.724070 0.000013
0.726027 0.000011
0.727984 0.000052
0.729941 0.000050
0.731898 0.000008
0.733855 0.000014
0.735812 0.000353
0.737769 0.000524
0.739726 0.000019
0.741683 0.000019
0.743640 0.000100
0.745597 0.000171
0.747554 0.000035
0.749511 0.000067
0.751468 0.305247
0.753425 0.301707
0.755382 0.000025
0.757339 0.000022
0.759295 0.000094
0.761252 0.000079
0.763209 0.000013
0.765166 0.000020
0.767123 0.000445
0.769080 0.000335
0.771037 0.000010
0.772994 0.000010
0.774951 0.000049
0.776908 0.000072
0.778865 0.000014
0.780822 0.000026
0.782779 0.002257
0.784736 0.001490
0.786693 0.000009
0.788650 0.000008
0.790607 0.000038
0.792564 0.000036
0.794521 0.000006
0.796477 0.000010
0.798434 0.000242
0.800391 0.000313
0.802348 0.000011
0.804305 0.000011
0.806262 0.000056
0.808219 0.000093
0.810176 0.000019
0.812133 0.000036
0.814090 0.012082
0.816047 0.007276
0.818004 0.000011
0.819961 0.000009
0.821918 0.000040
0.823875 0.000035
0.825832 0.000006
0.827789 0.000009
0.829746 0.000204
0.831703 0.000170
0.833659 0.000005
0.835616 0.000005
0.837573 0.000026
0.839530 0.000039
0.841487 0.000007
0.843444 0.000014
0.845401 0.001390
0.847358 0.001566
0.849315 0.000012
0.851272 0.000010
0.853229 0.000046
0.855186 0.000044
0.857143 0.000007
0.859100 0.000012
0.861057 0.000313
0.863014 0.000453
0.864971 0.000016
0.866928 0.000016
0.868885 0.000085
0.870841 0.000145
0.872798 0.000029
0.874755 0.000057
0.876712 0.076821
0.878669 0.049536
0.880626 0.000017
0.882583 0.000015
0.884540 0.000065
0.886497 0.000055
0.888454 0.000009
0.890411 0.000014
0.892368 0.000313
0.894325 0.000241
0.896282 0.000007
0.898239 0.000007
0.900196 0.000035
0.902153 0.000053
0.904110 0.000010
0.906067 0.000019
0.908023 0.001678
0.909980 0.001214
0.911937 0.000008
0.913894 0.000007
0.915851 0.000032
0.917808 0.000030
0.919765 0.000005
0.921722 0.000008
0.923679 0.000203
0.925636 0.000268
0.927593 0.000009
0.929550 0.000009
0.931507 0.000048
0.933464 0.000081
0.935421 0.000016
0.937378 0.000031
0.939335 0.011747
0.941292 0.011607
0.943249 0.000020
0.945205 0.000017
0.947162 0.000074
0.949119 0.000064
0.951076 0.000010
0.953033 0.000017
0.954990 0.000377
0.956947 0.000320
0.958904 0.000010
0.960861 0.000009
0.962818 0.000049
0.964775 0.000074
0.966732 0.000014
0.968689 0.000026
0.970646 0.002699
0.972603 0.003377
0.974560 0.000026
0.976517 0.000023
0.978474 0.000103
0.980431 0.000099
0.982387 0.000016
0.984344 0.000027
0.986301 0.000706
0.988258 0.001049
0.990215 0.000037
0.992172 0.000037
0.994129 0.000200
0.996086 0.000343
0.998043 0.000070
1.000000 0.000135
