315.698752 300.000000
315.757316 300.000000
339.221616 310.616832
344.548828 313.049856
369.513728 324.551424
370.684524 325.108992
398.247184 338.688768
403.563572 341.324544
424.331712 351.706368
424.549996 351.834144
444.405968 365.890176
448.769844 369.002208
468.585472 383.237376
469.399076 383.841408
485.664432 396.474624
488.696956 398.853792
500.000000 407.849376
500.000000 407.878658
489.383168 430.227640
486.950144 435.324270
475.448576 459.308288
474.891008 460.451254
461.311232 487.812360
458.675456 493.106330
448.293632 513.872224
448.165856 514.109142
434.109824 538.093160
430.997792 543.387130
416.762624 567.530112
416.158592 568.540946
403.525376 589.306840
401.146208 593.202270
392.150624 607.849376
392.121342 607.878658
369.772360 598.377144
364.675730 596.174702
340.691712 585.654016
339.548746 585.124278
312.187640 571.746056
306.893670 569.132698
286.127776 558.753120
285.890858 558.606710
261.906840 540.422632
256.612870 536.380506
232.469888 517.817984
231.459054 517.016722
210.693160 499.882968
206.797730 496.640894
192.150624 484.301248
192.121342 484.242684
201.622856 460.778384
203.825298 455.451172
214.345984 430.486272
214.875722 429.315476
228.253944 401.752816
230.867302 396.436428
241.246880 375.668288
241.393290 375.450004
259.577368 355.594032
263.619494 351.230156
282.182016 331.414528
282.983278 330.600924
300.117032 314.335568
303.359106 311.303044
315.698752 300.000000
