315.730295 300.000000
315.730373 300.000000
318.332427 301.174137
318.928665 301.443210
321.746952 302.715191
321.883523 302.776854
325.208497 304.278668
325.853816 304.570164
328.395376 305.718311
328.426607 305.732442
331.856647 307.286926
332.616021 307.631092
336.089385 309.205388
336.236732 309.272189
339.317464 310.669322
339.897606 310.932439
342.090895 311.927278
342.097986 311.930517
345.503885 313.497071
346.278347 313.853308
349.913013 315.525262
350.084438 315.604134
354.144220 317.472404
354.928162 317.833181
357.995123 319.244693
358.028351 319.260001
361.180407 320.714193
361.874371 321.034369
365.031076 322.490870
365.161726 322.551168
367.803336 323.770753
368.297108 323.998737
370.144328 324.851735
370.145886 324.852477
373.335848 326.421798
374.065550 326.780800
377.509241 328.475135
377.675133 328.556772
381.690155 330.533012
382.468564 330.916169
385.529993 332.423168
385.566679 332.441243
389.491723 334.376883
390.359876 334.805028
394.327136 336.761619
394.494752 336.844297
397.980424 338.563971
398.636052 338.887443
401.110633 340.108418
401.117709 340.111926
404.058170 341.579194
404.725982 341.912447
407.856534 343.474745
408.003530 343.548119
411.468582 345.278104
412.137098 345.611885
414.749458 346.916277
414.777101 346.930096
417.315702 348.201185
417.873854 348.480674
420.409358 349.750387
420.513657 349.802633
422.604298 350.850367
422.994314 351.045845
424.449282 351.775189
424.449572 351.775359
426.671912 353.345314
427.180950 353.704950
429.586229 355.404414
429.702635 355.486685
432.533031 357.487668
433.082233 357.875953
435.244581 359.404835
435.271010 359.423544
438.157642 361.469516
438.796587 361.922404
441.718552 363.993598
441.842403 364.081405
444.428995 365.915684
444.915966 366.261038
446.756387 367.566341
446.762195 367.570483
449.481992 369.521562
450.100318 369.965146
453.001663 372.046651
453.138401 372.144767
456.374245 374.467066
456.998996 374.915451
459.442700 376.669383
459.469074 376.688330
461.958190 378.478626
462.506084 378.872718
464.997823 380.665079
465.100854 380.739208
467.181237 382.236481
467.569986 382.516288
469.023686 383.562712
469.024769 383.563516
470.922092 385.033781
471.355971 385.370030
473.402996 386.956574
473.501501 387.032944
475.883026 388.879895
476.344652 389.237922
478.159727 390.645759
478.181376 390.662574
480.486044 392.455232
480.995706 392.851687
483.324320 394.663164
483.422626 394.739656
485.464776 396.329153
485.848800 396.628076
487.297774 397.756063
487.301810 397.759230
488.918993 399.042122
489.286150 399.333414
491.006756 400.698624
491.087448 400.762674
492.987094 402.271116
493.353505 402.562092
494.784866 403.698886
494.799910 403.710859
496.168404 404.803219
496.469166 405.043325
497.834879 406.133743
497.890954 406.178540
499.011978 407.074855
499.220983 407.241996
500.000000 407.865148
500.000000 407.865186
498.825863 410.340350
498.556790 410.907542
497.284809 413.588667
497.223146 413.718615
495.721332 416.882917
495.429836 417.497072
494.281689 419.915998
494.267558 419.945745
492.713074 423.215250
492.368908 423.939103
490.794612 427.250080
490.727811 427.390555
489.330678 430.328053
489.067561 430.881242
488.072722 432.972726
488.069483 432.979509
486.502929 436.249014
486.146692 436.992481
484.474738 440.481769
484.395866 440.646353
482.527596 444.544515
482.166819 445.297261
480.755307 448.242254
480.739999 448.274177
479.285807 451.304397
478.965631 451.971555
477.509130 455.006408
477.448832 455.132031
476.229247 457.672421
476.001263 458.147291
475.148265 459.923899
475.147523 459.925420
473.578202 463.089722
473.219200 463.813575
471.524865 467.229755
471.443228 467.394339
469.466988 471.378090
469.083831 472.150451
467.576832 475.188165
467.558757 475.224582
465.623117 479.122744
465.194972 479.984966
463.238381 483.925186
463.155703 484.091672
461.436029 487.554183
461.112557 488.205469
459.891582 490.663735
459.888074 490.670781
458.420806 493.608279
458.087553 494.275438
456.525255 497.403012
456.451881 497.549884
454.721896 501.012395
454.388115 501.680434
453.083723 504.291007
453.069904 504.318646
451.798815 506.859036
451.519326 507.417600
450.249613 509.955066
450.197367 510.059461
449.149633 512.152516
448.954155 512.543002
448.224811 513.999830
448.224641 514.000145
446.654686 516.681270
446.295050 517.295425
444.595586 520.197529
444.513315 520.338003
442.512332 523.754184
442.124047 524.417070
440.595165 527.027126
440.576456 527.059049
438.530484 530.548336
438.077596 531.320698
436.006402 534.852874
435.918595 535.002607
434.084316 538.130181
433.738962 538.719021
432.433659 540.944535
432.429517 540.951581
430.478438 544.262558
430.034854 545.015305
427.953349 548.547482
427.855233 548.713968
425.532934 552.654188
425.084549 553.414949
423.330617 556.390733
423.311670 556.422868
421.521374 559.457721
421.127282 560.125760
419.334921 563.163990
419.260792 563.289635
417.763519 565.827100
417.483712 566.301281
416.437288 568.074555
416.436484 568.075901
414.966219 570.494827
414.629970 571.048015
413.043426 573.658072
412.967056 573.783695
411.120105 576.821408
410.762078 577.410248
409.354241 579.725623
409.337426 579.753262
407.544768 582.698255
407.148313 583.349540
405.336836 586.325324
405.260344 586.450969
403.670847 589.061541
403.371924 589.552476
402.243937 591.404950
402.240770 591.410135
400.957878 593.501619
400.666586 593.976488
399.301376 596.202002
399.237326 596.306398
397.728884 598.764664
397.437908 599.238845
396.301114 601.091318
396.289141 601.110814
395.196781 602.887421
394.956675 603.277908
393.866257 605.051182
393.821460 605.124017
392.925145 606.580844
392.758004 606.852488
392.134852 607.865148
392.134814 607.865186
389.659650 606.817940
389.092458 606.577913
386.411333 605.443094
386.281385 605.388054
383.117083 604.046912
382.502928 603.786580
380.084002 602.761067
380.054255 602.748420
376.784750 601.354471
376.060897 601.045826
372.749920 599.633917
372.609445 599.573988
369.671947 598.320089
369.118758 598.083926
367.027274 597.190891
367.020491 597.187960
363.750986 595.757800
363.007519 595.432559
359.518231 593.905982
359.353647 593.833951
355.455485 592.127301
354.702739 591.797720
351.757746 590.508176
351.725823 590.494173
348.695603 589.161818
348.028445 588.868447
344.993592 587.533797
344.867969 587.478527
342.327579 586.360162
341.852709 586.151079
340.076101 585.368695
340.074580 585.367990
336.910278 583.824328
336.186425 583.471175
332.770245 581.804350
332.605661 581.724022
328.621910 579.779053
327.849549 579.401945
324.811835 577.918661
324.775418 577.900854
320.877256 575.992096
320.015034 575.569882
316.074814 573.640331
315.908328 573.558783
312.445817 571.862269
311.794531 571.543140
309.336265 570.338480
309.329219 570.335002
306.391721 568.870697
305.724562 568.538098
302.596988 566.978777
302.450116 566.905528
298.987605 565.178084
298.319566 564.844779
295.708993 563.542174
295.681354 563.528359
293.140964 562.255481
292.582400 561.975580
290.044934 560.703905
289.940539 560.651562
287.847484 559.601415
287.456998 559.405467
286.000170 558.674262
285.999855 558.674068
283.318730 556.645328
282.704575 556.180575
279.802471 553.984286
279.661997 553.877947
276.245816 551.291179
275.582930 550.789210
272.972874 548.812620
272.940951 548.788417
269.451664 546.139789
268.679302 545.553486
265.147126 542.872079
264.997393 542.758391
261.869819 540.383130
261.280979 539.935907
259.055465 538.245511
259.048419 538.240131
255.737442 535.697872
254.984695 535.119866
251.452518 532.407530
251.286032 532.279666
247.345812 529.252991
246.585051 528.668596
243.609267 526.382583
243.577132 526.357876
240.542279 524.021843
239.874240 523.507606
236.836010 521.168754
236.710365 521.072012
234.172900 519.117656
233.698719 518.752417
231.925445 517.386418
231.924099 517.385351
229.505173 515.393484
228.951985 514.937925
226.341928 512.788351
226.216305 512.684863
223.178592 510.181722
222.589752 509.696481
220.274377 507.788345
220.246738 507.765540
217.301745 505.332558
216.650460 504.794478
213.674676 502.335832
213.549031 502.232001
210.938459 500.074082
210.447524 499.668247
208.595050 498.136761
208.589865 498.132446
206.498381 496.375252
206.023512 495.976248
203.797998 494.106129
203.693602 494.018377
201.235336 491.951314
200.761155 491.552568
198.908682 489.994662
198.889186 489.978238
197.112579 488.477763
196.722092 488.147933
194.948818 486.649954
194.875983 486.588397
193.419156 485.356279
193.147512 485.126499
192.134852 484.269705
192.134814 484.269627
193.182060 481.667573
193.422087 481.071335
194.556906 478.253048
194.611946 478.116477
195.953088 474.791503
196.213420 474.146184
197.238933 471.604624
197.251580 471.573393
198.645529 468.143353
198.954174 467.383979
200.366083 463.910615
200.426012 463.763268
201.679911 460.682536
201.916074 460.102394
202.809109 457.909105
202.812040 457.902014
204.242200 454.496115
204.567441 453.721653
206.094018 450.086987
206.166049 449.915562
207.872699 445.855780
208.202280 445.071838
209.491824 442.004877
209.505827 441.971649
210.838182 438.819593
211.131553 438.125629
212.466203 434.968924
212.521473 434.838274
213.639838 432.196664
213.848921 431.702892
214.631305 429.855672
214.632010 429.854114
216.175672 426.664152
216.528825 425.934450
218.195650 422.490759
218.275978 422.324867
220.220947 418.309845
220.598055 417.531436
222.081339 414.470007
222.099146 414.433321
224.007904 410.508277
224.430118 409.640124
226.359669 405.672864
226.441217 405.505248
228.137731 402.019576
228.456860 401.363948
229.661520 398.889367
229.664998 398.882291
231.129303 395.941830
231.461902 395.274018
233.021223 392.143466
233.094472 391.996470
234.821916 388.531418
235.155221 387.862902
236.457826 385.250542
236.471641 385.222899
237.744519 382.684298
238.024420 382.126146
239.296095 379.590642
239.348438 379.486343
240.398585 377.395702
240.594533 377.005686
241.325738 375.550718
241.325932 375.550428
243.354672 373.328088
243.819425 372.819050
246.015714 370.413771
246.122053 370.297365
248.708821 367.466969
249.210790 366.917767
251.187380 364.755419
251.211583 364.728990
253.860211 361.842358
254.446514 361.203413
257.127921 358.281448
257.241609 358.157597
259.616870 355.571005
260.064093 355.084034
261.754489 353.243613
261.759869 353.237805
264.302128 350.518008
264.880134 349.899682
267.592470 346.998337
267.720334 346.861599
270.747009 343.625755
271.331404 343.001004
273.617417 340.557300
273.642124 340.530926
275.978157 338.041810
276.492394 337.493916
278.831246 335.002177
278.927988 334.899146
280.882344 332.818763
281.247583 332.430014
282.613582 330.976314
282.614649 330.975231
284.606516 329.077908
285.062075 328.644029
287.211649 326.597004
287.315137 326.498499
289.818278 324.116974
290.303519 323.655348
292.211655 321.840273
292.234460 321.818624
294.667442 319.513956
295.205522 319.004294
297.664168 316.675680
297.767999 316.577374
299.925918 314.535224
300.331753 314.151200
301.863239 312.702226
301.867554 312.698190
303.624748 311.081007
304.023752 310.713850
305.893871 308.993244
305.981623 308.912552
308.048686 307.012906
308.447432 306.646495
310.005338 305.215134
310.021762 305.200090
311.522237 303.831596
311.852067 303.530834
313.350046 302.165121
313.411603 302.109046
314.643721 300.988022
314.873501 300.779017
315.730295 300.000000
