315.726863 300.000000
315.733305 300.000000
327.020180 305.096079
329.601253 306.263931
341.778678 311.784684
342.364671 312.052316
356.531980 318.570609
359.278119 319.835781
370.075710 324.819057
370.204498 324.880389
383.914601 331.627284
386.946493 333.121060
400.799050 339.953940
401.383853 340.243876
413.532279 346.307820
415.816775 347.449820
424.436488 351.767700
424.460500 351.781756
434.080863 358.581039
436.265019 360.127203
446.500628 367.383951
446.980655 367.726275
458.281345 375.835089
460.461065 377.400957
468.976002 383.527311
469.065498 383.593755
477.206447 389.905352
478.995636 391.295005
487.120044 397.616625
487.453621 397.878333
494.122417 403.171672
495.365752 404.161187
500.000000 407.863431
500.000000 407.866652
494.903921 418.606169
493.736069 421.064557
488.215316 432.674022
487.947684 433.234652
481.429391 446.836599
480.164219 449.474841
475.180943 459.856912
475.119611 459.982638
468.372716 473.584585
466.878940 476.594307
460.046060 490.353466
459.756124 490.935802
453.692180 503.073959
452.550180 505.358207
448.232300 513.985945
448.218244 514.012006
441.418961 525.621471
439.872797 528.259713
432.616049 540.634266
432.273725 541.216602
424.164911 554.975761
422.599043 557.631489
416.472689 568.015312
416.406245 568.126504
410.094648 578.508575
408.704995 580.792823
402.383375 591.176646
402.121667 591.605144
396.828328 600.232881
395.838813 601.844063
392.136569 607.863431
392.133348 607.866652
381.393831 603.317931
378.935443 602.272765
367.325978 597.319972
366.765348 597.077703
353.163401 591.124773
350.525159 589.967497
340.143088 585.399742
340.017362 585.341471
326.415415 578.702731
323.405693 577.231127
309.646534 570.491644
309.064198 570.204175
296.926041 564.150501
294.641793 563.008747
286.014055 558.682843
285.987994 558.666738
274.378529 549.878353
271.740287 547.878104
259.365734 538.482412
258.783398 538.037778
245.024239 527.470495
242.368511 525.428618
231.984688 517.433378
231.873496 517.345239
221.491425 508.792520
219.207177 506.907807
208.823354 498.326772
208.394856 497.970144
199.767119 490.717864
198.155937 489.360503
192.136569 484.273137
192.133348 484.266695
196.682069 472.979820
197.727235 470.398747
202.680028 458.221322
202.922297 457.635329
208.875227 443.468020
210.032503 440.721881
214.600258 429.924290
214.658529 429.795502
221.297269 416.085399
222.768873 413.053507
229.508356 399.200950
229.795825 398.616147
235.849499 386.467721
236.991253 384.183225
241.317157 375.563512
241.333262 375.539500
250.121647 365.919137
252.121896 363.734981
261.517588 353.499372
261.962222 353.019345
272.529505 341.718655
274.571382 339.538935
282.566622 331.023998
282.654761 330.934502
291.207480 322.793553
293.092193 321.004364
301.673228 312.879956
302.029856 312.546379
309.282136 305.877583
310.639497 304.634248
315.726863 300.000000
