315.443200 300.000000
315.975600 300.000000
364.404800 322.118400
375.048400 327.187200
423.379200 351.148800
425.363600 352.310400
465.035200 380.601600
472.431600 386.092800
500.000000 407.721600
500.000000 407.987800
477.881600 454.320800
472.812800 464.711400
448.851200 512.838400
447.689600 514.992200
419.398400 563.119200
413.907200 572.308600
392.278400 607.721600
392.012200 607.987800
345.679200 587.965600
335.288600 583.149800
287.161600 559.392000
285.007800 558.061000
236.880800 521.314400
227.691400 514.030200
192.278400 484.556800
192.012200 484.024400
212.034400 435.595200
216.850200 424.951600
240.608000 376.620800
241.939000 374.636400
278.685600 334.964800
285.969800 327.568400
315.443200 300.000000
