315.729955 300.000000
315.730664 300.000000
321.151005 302.446118
322.392561 303.006687
328.259095 305.656648
328.543013 305.785112
335.446417 308.913892
336.785934 309.521175
342.059955 311.913147
342.124414 311.942587
349.164979 315.181097
350.723383 315.898109
357.850127 319.177891
358.152202 319.317060
364.460963 322.227753
365.648698 322.775914
370.137528 324.848496
370.151695 324.855243
376.785347 328.118899
378.293459 328.861057
385.369909 332.344297
385.703417 332.508612
393.595721 336.400843
395.119502 337.152459
401.079756 340.093109
401.144084 340.125002
407.215098 343.154569
408.551424 343.821603
414.628837 346.855980
414.880131 346.981600
419.954237 349.522403
420.902406 349.997370
424.448014 351.774447
424.450655 351.775993
429.078274 355.045412
430.136514 355.793333
435.129258 359.323198
435.369515 359.493276
441.178112 363.610442
442.304029 364.408684
446.731041 367.548267
446.783844 367.585922
452.404986 371.618505
453.648062 372.510475
459.327611 376.586706
459.567380 376.758951
464.548234 380.341607
465.484878 381.015506
469.018960 383.559204
469.028805 383.566513
472.973154 386.623321
473.868658 387.317597
478.065258 390.572385
478.262068 390.725247
482.895352 394.329383
483.789036 395.024761
487.280161 397.742245
487.316854 397.771033
490.654643 400.419136
491.388211 401.001403
494.719218 403.646639
494.855985 403.755486
497.590191 405.938264
498.099958 406.345511
500.000000 407.864977
500.000000 407.865332
497.553882 413.021621
496.993313 414.202967
494.343352 419.786196
494.214888 420.056618
491.086108 426.637101
490.478825 427.914142
488.086853 432.943124
488.057413 433.004794
484.818903 439.763586
484.101891 441.259800
480.822109 448.102955
480.682940 448.393161
477.772247 454.458235
477.224086 455.600263
475.151504 459.917260
475.144757 459.931090
471.881101 466.511572
471.138943 468.007787
467.655703 475.029251
467.491388 475.360321
463.599157 483.198703
462.847541 484.712210
459.906891 490.632987
459.874998 490.697044
456.845431 496.762118
456.178397 498.097315
453.144020 504.170398
453.018400 504.421666
450.477597 509.499521
450.002630 510.448572
448.225553 513.998454
448.224007 514.001321
444.954588 519.584549
444.206667 520.861590
440.676802 526.887827
440.506724 527.178033
436.389558 534.199498
435.591316 535.560699
432.451733 540.913787
432.414078 540.977844
428.381495 547.820999
427.489525 549.334506
423.413294 556.250511
423.241049 556.542641
419.658393 562.615724
418.984494 563.757945
416.440796 568.068684
416.433487 568.080915
413.376679 573.109898
412.682403 574.251926
409.427615 579.605014
409.274753 579.856282
405.670617 585.777058
404.975239 586.919279
402.257755 591.382325
402.228967 591.429460
399.580864 595.746458
398.998597 596.695509
396.353361 601.006248
396.244514 601.183478
394.061736 604.733360
393.654489 605.395490
392.135023 607.864977
392.134668 607.865332
386.978379 605.683266
385.797033 605.182907
380.213804 602.816251
379.943382 602.701283
373.362899 599.895424
372.085858 599.350617
367.056876 597.203683
366.995206 597.177033
360.236414 594.220297
358.740200 593.565474
351.897045 590.569280
351.606839 590.441980
345.541765 587.774975
344.399737 587.272522
340.082740 585.371772
340.068910 585.365362
333.488428 582.154876
331.992213 581.424614
324.970749 577.996361
324.639679 577.834485
316.801297 573.996175
315.287790 573.254832
309.367013 570.353659
309.302956 570.322037
303.237882 567.298411
301.902685 566.632507
295.829602 563.602459
295.578334 563.476866
290.500479 560.932313
289.551428 560.456464
286.001546 558.675113
285.998679 558.673341
280.415451 554.448313
279.138410 553.481591
273.112173 548.918233
272.821967 548.698206
265.800502 543.368172
264.439301 542.334645
259.086213 538.268987
259.022156 538.220078
252.179001 532.965482
250.665494 531.803081
243.749489 526.490394
243.457359 526.265788
237.384276 521.590903
236.242055 520.711427
231.931316 517.391072
231.919085 517.381376
226.890102 513.239934
225.748074 512.299135
220.394986 507.887858
220.143718 507.680539
214.222942 502.788911
213.080721 501.844997
208.617675 498.155591
208.570540 498.116362
204.253542 494.489050
203.304491 493.691299
198.993752 490.066331
198.816522 489.917021
195.266640 486.918567
194.604510 486.358957
192.135023 484.270045
192.134668 484.269336
194.316734 478.848995
194.817093 477.607439
197.183749 471.740905
197.298717 471.456987
200.104576 464.553583
200.649383 463.214066
202.796317 457.940045
202.822967 457.875586
205.779703 450.835021
206.434526 449.276617
209.430720 442.149873
209.558020 441.847798
212.225025 435.539037
212.727478 434.351302
214.628228 429.862472
214.634638 429.848305
217.845124 423.214653
218.575386 421.706541
222.003639 414.630091
222.165515 414.296583
226.003825 406.404279
226.745168 404.880498
229.646341 398.920244
229.677963 398.855916
232.701589 392.784902
233.367493 391.448576
236.397541 385.371163
236.523134 385.119869
239.067687 380.045763
239.543536 379.097594
241.324887 375.551986
241.326659 375.549345
245.551687 370.921726
246.518409 369.863486
251.081767 364.870742
251.301794 364.630485
256.631828 358.821888
257.665355 357.695971
261.731013 353.268959
261.779922 353.216156
267.034518 347.595014
268.196919 346.351938
273.509606 340.672389
273.734212 340.432620
278.409097 335.451766
279.288573 334.515122
282.608928 330.981040
282.618624 330.971195
286.760066 327.026846
287.700865 326.131342
292.112142 321.934742
292.319461 321.737932
297.211089 317.104648
298.155003 316.210964
301.844409 312.719839
301.883638 312.683146
305.510950 309.345357
306.308701 308.611789
309.933669 305.280782
310.082979 305.144015
313.081433 302.409809
313.641043 301.900042
315.729955 300.000000
